starting, 2 algorithms running
start: Fri May 20 23:37:40 2022
"2,1,2,1"
opt
[0, 1, 2, 3, 4]
[1, 2, 0, 3, 4]
[1, 2, 0, 3, 4]
[1, 2, 0, 3, 4]
[1, 2, 0, 3, 4]

continuous doa
[0, 1, 2, 3, 4]
[2, 0, 1, 3, 4]
[2, 1, 0, 3, 4]
[2, 1, 0, 3, 4]
[2, 1, 0, 3, 4]

"4,3,1,4,3,1"
opt
[0, 1, 2, 3, 4]
[1, 3, 4, 0, 2]
[1, 3, 4, 0, 2]
[1, 3, 4, 0, 2]
[1, 3, 4, 0, 2]
[1, 3, 4, 0, 2]
[1, 3, 4, 0, 2]

continuous doa
[0, 1, 2, 3, 4]
[4, 0, 1, 2, 3]
[4, 3, 0, 1, 2]
[4, 3, 1, 0, 2]
[4, 3, 1, 0, 2]
[4, 3, 1, 0, 2]
[4, 3, 1, 0, 2]

finished: Fri May 20 23:37:40 2022
execution took: 0.217887s
